 0.0  0.0  0.0 1.158482
 0.0  0.0 10.0 1.158482
 0.0  0.0 20.0 1.158482
 0.0  0.0 30.0 1.158482
 0.0  0.0 40.0 1.158482
 0.0  0.0 50.0 1.158482
 0.0  0.0 60.0 1.158482
 0.0  0.0 70.0 1.158482
 0.0  0.0 80.0 1.158482
 0.0  0.0 90.0 1.158482
 0.0  0.0 100.0 1.158482
 0.0  0.0 110.0 1.158482
 0.0  0.0 120.0 1.158482
 0.0  0.0 130.0 1.158482
 0.0  0.0 140.0 1.158482
 0.0  0.0 150.0 1.158482
 0.0  0.0 160.0 1.158482
 0.0  0.0 170.0 1.158482
 0.0  0.0 180.0 1.158482
 0.0 10.0  0.0 1.091964
 0.0 10.0 10.0 1.091964
 0.0 10.0 20.0 1.091964
 0.0 10.0 30.0 1.091964
 0.0 10.0 40.0 1.091964
 0.0 10.0 50.0 1.091964
 0.0 10.0 60.0 1.091964
 0.0 10.0 70.0 1.091964
 0.0 10.0 80.0 1.091964
 0.0 10.0 90.0 1.091964
 0.0 10.0 100.0 1.091964
 0.0 10.0 110.0 1.091964
 0.0 10.0 120.0 1.091964
 0.0 10.0 130.0 1.091964
 0.0 10.0 140.0 1.091964
 0.0 10.0 150.0 1.091964
 0.0 10.0 160.0 1.091964
 0.0 10.0 170.0 1.091964
 0.0 10.0 180.0 1.091964
 0.0 20.0  0.0 1.033036
 0.0 20.0 10.0 1.033036
 0.0 20.0 20.0 1.033036
 0.0 20.0 30.0 1.033036
 0.0 20.0 40.0 1.033036
 0.0 20.0 50.0 1.033036
 0.0 20.0 60.0 1.033036
 0.0 20.0 70.0 1.033036
 0.0 20.0 80.0 1.033036
 0.0 20.0 90.0 1.033036
 0.0 20.0 100.0 1.033036
 0.0 20.0 110.0 1.033036
 0.0 20.0 120.0 1.033036
 0.0 20.0 130.0 1.033036
 0.0 20.0 140.0 1.033036
 0.0 20.0 150.0 1.033036
 0.0 20.0 160.0 1.033036
 0.0 20.0 170.0 1.033036
 0.0 20.0 180.0 1.033036
 0.0 30.0  0.0 0.972321
 0.0 30.0 10.0 0.972321
 0.0 30.0 20.0 0.972321
 0.0 30.0 30.0 0.972321
 0.0 30.0 40.0 0.972321
 0.0 30.0 50.0 0.972321
 0.0 30.0 60.0 0.972321
 0.0 30.0 70.0 0.972321
 0.0 30.0 80.0 0.972321
 0.0 30.0 90.0 0.972321
 0.0 30.0 100.0 0.972321
 0.0 30.0 110.0 0.972321
 0.0 30.0 120.0 0.972321
 0.0 30.0 130.0 0.972321
 0.0 30.0 140.0 0.972321
 0.0 30.0 150.0 0.972321
 0.0 30.0 160.0 0.972321
 0.0 30.0 170.0 0.972321
 0.0 30.0 180.0 0.972321
 0.0 40.0  0.0 0.907589
 0.0 40.0 10.0 0.907589
 0.0 40.0 20.0 0.907589
 0.0 40.0 30.0 0.907589
 0.0 40.0 40.0 0.907589
 0.0 40.0 50.0 0.907589
 0.0 40.0 60.0 0.907589
 0.0 40.0 70.0 0.907589
 0.0 40.0 80.0 0.907589
 0.0 40.0 90.0 0.907589
 0.0 40.0 100.0 0.907589
 0.0 40.0 110.0 0.907589
 0.0 40.0 120.0 0.907589
 0.0 40.0 130.0 0.907589
 0.0 40.0 140.0 0.907589
 0.0 40.0 150.0 0.907589
 0.0 40.0 160.0 0.907589
 0.0 40.0 170.0 0.907589
 0.0 40.0 180.0 0.907589
 0.0 50.0  0.0 0.839286
 0.0 50.0 10.0 0.839286
 0.0 50.0 20.0 0.839286
 0.0 50.0 30.0 0.839286
 0.0 50.0 40.0 0.839286
 0.0 50.0 50.0 0.839286
 0.0 50.0 60.0 0.839286
 0.0 50.0 70.0 0.839286
 0.0 50.0 80.0 0.839286
 0.0 50.0 90.0 0.839286
 0.0 50.0 100.0 0.839286
 0.0 50.0 110.0 0.839286
 0.0 50.0 120.0 0.839286
 0.0 50.0 130.0 0.839286
 0.0 50.0 140.0 0.839286
 0.0 50.0 150.0 0.839286
 0.0 50.0 160.0 0.839286
 0.0 50.0 170.0 0.839286
 0.0 50.0 180.0 0.839286
 0.0 60.0  0.0 0.770089
 0.0 60.0 10.0 0.770089
 0.0 60.0 20.0 0.770089
 0.0 60.0 30.0 0.770089
 0.0 60.0 40.0 0.770089
 0.0 60.0 50.0 0.770089
 0.0 60.0 60.0 0.770089
 0.0 60.0 70.0 0.770089
 0.0 60.0 80.0 0.770089
 0.0 60.0 90.0 0.770089
 0.0 60.0 100.0 0.770089
 0.0 60.0 110.0 0.770089
 0.0 60.0 120.0 0.770089
 0.0 60.0 130.0 0.770089
 0.0 60.0 140.0 0.770089
 0.0 60.0 150.0 0.770089
 0.0 60.0 160.0 0.770089
 0.0 60.0 170.0 0.770089
 0.0 60.0 180.0 0.770089
 0.0 70.0  0.0 0.705357
 0.0 70.0 10.0 0.705357
 0.0 70.0 20.0 0.705357
 0.0 70.0 30.0 0.705357
 0.0 70.0 40.0 0.705357
 0.0 70.0 50.0 0.705357
 0.0 70.0 60.0 0.705357
 0.0 70.0 70.0 0.705357
 0.0 70.0 80.0 0.705357
 0.0 70.0 90.0 0.705357
 0.0 70.0 100.0 0.705357
 0.0 70.0 110.0 0.705357
 0.0 70.0 120.0 0.705357
 0.0 70.0 130.0 0.705357
 0.0 70.0 140.0 0.705357
 0.0 70.0 150.0 0.705357
 0.0 70.0 160.0 0.705357
 0.0 70.0 170.0 0.705357
 0.0 70.0 180.0 0.705357
 0.0 80.0  0.0 0.650000
 0.0 80.0 10.0 0.650000
 0.0 80.0 20.0 0.650000
 0.0 80.0 30.0 0.650000
 0.0 80.0 40.0 0.650000
 0.0 80.0 50.0 0.650000
 0.0 80.0 60.0 0.650000
 0.0 80.0 70.0 0.650000
 0.0 80.0 80.0 0.650000
 0.0 80.0 90.0 0.650000
 0.0 80.0 100.0 0.650000
 0.0 80.0 110.0 0.650000
 0.0 80.0 120.0 0.650000
 0.0 80.0 130.0 0.650000
 0.0 80.0 140.0 0.650000
 0.0 80.0 150.0 0.650000
 0.0 80.0 160.0 0.650000
 0.0 80.0 170.0 0.650000
 0.0 80.0 180.0 0.650000
 0.0 89.5  0.0 0.614286
 0.0 89.5 10.0 0.614286
 0.0 89.5 20.0 0.614286
 0.0 89.5 30.0 0.614286
 0.0 89.5 40.0 0.614286
 0.0 89.5 50.0 0.614286
 0.0 89.5 60.0 0.614286
 0.0 89.5 70.0 0.614286
 0.0 89.5 80.0 0.614286
 0.0 89.5 90.0 0.614286
 0.0 89.5 100.0 0.614286
 0.0 89.5 110.0 0.614286
 0.0 89.5 120.0 0.614286
 0.0 89.5 130.0 0.614286
 0.0 89.5 140.0 0.614286
 0.0 89.5 150.0 0.614286
 0.0 89.5 160.0 0.614286
 0.0 89.5 170.0 0.614286
 0.0 89.5 180.0 0.614286
10.0  0.0  0.0 1.091964
10.0  0.0 10.0 1.091964
10.0  0.0 20.0 1.091964
10.0  0.0 30.0 1.091964
10.0  0.0 40.0 1.091964
10.0  0.0 50.0 1.091964
10.0  0.0 60.0 1.091964
10.0  0.0 70.0 1.091964
10.0  0.0 80.0 1.091964
10.0  0.0 90.0 1.091964
10.0  0.0 100.0 1.091964
10.0  0.0 110.0 1.091964
10.0  0.0 120.0 1.091964
10.0  0.0 130.0 1.091964
10.0  0.0 140.0 1.091964
10.0  0.0 150.0 1.091964
10.0  0.0 160.0 1.091964
10.0  0.0 170.0 1.091964
10.0  0.0 180.0 1.091964
10.0 10.0  0.0 1.173214
10.0 10.0 10.0 1.159821
10.0 10.0 20.0 1.146875
10.0 10.0 30.0 1.134375
10.0 10.0 40.0 1.122321
10.0 10.0 50.0 1.110714
10.0 10.0 60.0 1.099107
10.0 10.0 70.0 1.087946
10.0 10.0 80.0 1.077679
10.0 10.0 90.0 1.067857
10.0 10.0 100.0 1.058482
10.0 10.0 110.0 1.050000
10.0 10.0 120.0 1.042411
10.0 10.0 130.0 1.035714
10.0 10.0 140.0 1.030357
10.0 10.0 150.0 1.025893
10.0 10.0 160.0 1.022768
10.0 10.0 170.0 1.020982
10.0 10.0 180.0 1.020089
10.0 20.0  0.0 1.120536
10.0 20.0 10.0 1.118304
10.0 20.0 20.0 1.111607
10.0 20.0 30.0 1.102232
10.0 20.0 40.0 1.090625
10.0 20.0 50.0 1.077232
10.0 20.0 60.0 1.063393
10.0 20.0 70.0 1.048661
10.0 20.0 80.0 1.034375
10.0 20.0 90.0 1.020089
10.0 20.0 100.0 1.006696
10.0 20.0 110.0 0.994196
10.0 20.0 120.0 0.982589
10.0 20.0 130.0 0.972768
10.0 20.0 140.0 0.964286
10.0 20.0 150.0 0.957589
10.0 20.0 160.0 0.952679
10.0 20.0 170.0 0.949554
10.0 20.0 180.0 0.948661
10.0 30.0  0.0 1.074107
10.0 30.0 10.0 1.071875
10.0 30.0 20.0 1.066071
10.0 30.0 30.0 1.057143
10.0 30.0 40.0 1.045089
10.0 30.0 50.0 1.030804
10.0 30.0 60.0 1.015179
10.0 30.0 70.0 0.998214
10.0 30.0 80.0 0.981250
10.0 30.0 90.0 0.964286
10.0 30.0 100.0 0.947321
10.0 30.0 110.0 0.931696
10.0 30.0 120.0 0.917411
10.0 30.0 130.0 0.904911
10.0 30.0 140.0 0.894196
10.0 30.0 150.0 0.885714
10.0 30.0 160.0 0.879464
10.0 30.0 170.0 0.875893
10.0 30.0 180.0 0.874554
10.0 40.0  0.0 1.024107
10.0 40.0 10.0 1.022321
10.0 40.0 20.0 1.016071
10.0 40.0 30.0 1.006250
10.0 40.0 40.0 0.993304
10.0 40.0 50.0 0.977679
10.0 40.0 60.0 0.960268
10.0 40.0 70.0 0.941518
10.0 40.0 80.0 0.921875
10.0 40.0 90.0 0.902232
10.0 40.0 100.0 0.883036
10.0 40.0 110.0 0.865179
10.0 40.0 120.0 0.848661
10.0 40.0 130.0 0.833929
10.0 40.0 140.0 0.821875
10.0 40.0 150.0 0.812054
10.0 40.0 160.0 0.804911
10.0 40.0 170.0 0.800446
10.0 40.0 180.0 0.799107
10.0 50.0  0.0 0.968750
10.0 50.0 10.0 0.966518
10.0 50.0 20.0 0.960268
10.0 50.0 30.0 0.949554
10.0 50.0 40.0 0.935714
10.0 50.0 50.0 0.918750
10.0 50.0 60.0 0.899554
10.0 50.0 70.0 0.879018
10.0 50.0 80.0 0.857589
10.0 50.0 90.0 0.836161
10.0 50.0 100.0 0.815625
10.0 50.0 110.0 0.795982
10.0 50.0 120.0 0.778125
10.0 50.0 130.0 0.762500
10.0 50.0 140.0 0.749107
10.0 50.0 150.0 0.738393
10.0 50.0 160.0 0.730804
10.0 50.0 170.0 0.726339
10.0 50.0 180.0 0.724554
10.0 60.0  0.0 0.908482
10.0 60.0 10.0 0.906250
10.0 60.0 20.0 0.899107
10.0 60.0 30.0 0.888393
10.0 60.0 40.0 0.873661
10.0 60.0 50.0 0.855804
10.0 60.0 60.0 0.835714
10.0 60.0 70.0 0.814286
10.0 60.0 80.0 0.791964
10.0 60.0 90.0 0.769643
10.0 60.0 100.0 0.748214
10.0 60.0 110.0 0.728125
10.0 60.0 120.0 0.709821
10.0 60.0 130.0 0.693750
10.0 60.0 140.0 0.680357
10.0 60.0 150.0 0.669643
10.0 60.0 160.0 0.662054
10.0 60.0 170.0 0.657589
10.0 60.0 180.0 0.655804
10.0 70.0  0.0 0.845982
10.0 70.0 10.0 0.843304
10.0 70.0 20.0 0.836607
10.0 70.0 30.0 0.825446
10.0 70.0 40.0 0.810714
10.0 70.0 50.0 0.792857
10.0 70.0 60.0 0.772768
10.0 70.0 70.0 0.751339
10.0 70.0 80.0 0.729018
10.0 70.0 90.0 0.707143
10.0 70.0 100.0 0.686161
10.0 70.0 110.0 0.666518
10.0 70.0 120.0 0.649107
10.0 70.0 130.0 0.633929
10.0 70.0 140.0 0.620982
10.0 70.0 150.0 0.611161
10.0 70.0 160.0 0.603571
10.0 70.0 170.0 0.599554
10.0 70.0 180.0 0.598214
10.0 80.0  0.0 0.785714
10.0 80.0 10.0 0.783482
10.0 80.0 20.0 0.776786
10.0 80.0 30.0 0.766071
10.0 80.0 40.0 0.751786
10.0 80.0 50.0 0.734821
10.0 80.0 60.0 0.715625
10.0 80.0 70.0 0.695536
10.0 80.0 80.0 0.674554
10.0 80.0 90.0 0.654464
10.0 80.0 100.0 0.635268
10.0 80.0 110.0 0.617857
10.0 80.0 120.0 0.602232
10.0 80.0 130.0 0.588839
10.0 80.0 140.0 0.577679
10.0 80.0 150.0 0.569196
10.0 80.0 160.0 0.562946
10.0 80.0 170.0 0.559375
10.0 80.0 180.0 0.558036
10.0 89.5  0.0 0.737500
10.0 89.5 10.0 0.735268
10.0 89.5 20.0 0.729018
10.0 89.5 30.0 0.719196
10.0 89.5 40.0 0.706250
10.0 89.5 50.0 0.691071
10.0 89.5 60.0 0.674107
10.0 89.5 70.0 0.656250
10.0 89.5 80.0 0.638393
10.0 89.5 90.0 0.620982
10.0 89.5 100.0 0.604911
10.0 89.5 110.0 0.590625
10.0 89.5 120.0 0.578125
10.0 89.5 130.0 0.567411
10.0 89.5 140.0 0.559375
10.0 89.5 150.0 0.552679
10.0 89.5 160.0 0.548214
10.0 89.5 170.0 0.545982
10.0 89.5 180.0 0.545089
20.0  0.0  0.0 1.033036
20.0  0.0 10.0 1.033036
20.0  0.0 20.0 1.033036
20.0  0.0 30.0 1.033036
20.0  0.0 40.0 1.033036
20.0  0.0 50.0 1.033036
20.0  0.0 60.0 1.033036
20.0  0.0 70.0 1.033036
20.0  0.0 80.0 1.033036
20.0  0.0 90.0 1.033036
20.0  0.0 100.0 1.033036
20.0  0.0 110.0 1.033036
20.0  0.0 120.0 1.033036
20.0  0.0 130.0 1.033036
20.0  0.0 140.0 1.033036
20.0  0.0 150.0 1.033036
20.0  0.0 160.0 1.033036
20.0  0.0 170.0 1.033036
20.0  0.0 180.0 1.033036
20.0 10.0  0.0 1.120536
20.0 10.0 10.0 1.118304
20.0 10.0 20.0 1.111607
20.0 10.0 30.0 1.102232
20.0 10.0 40.0 1.090625
20.0 10.0 50.0 1.077232
20.0 10.0 60.0 1.063393
20.0 10.0 70.0 1.048661
20.0 10.0 80.0 1.034375
20.0 10.0 90.0 1.020089
20.0 10.0 100.0 1.006696
20.0 10.0 110.0 0.994196
20.0 10.0 120.0 0.982589
20.0 10.0 130.0 0.972768
20.0 10.0 140.0 0.964286
20.0 10.0 150.0 0.957589
20.0 10.0 160.0 0.952679
20.0 10.0 170.0 0.949554
20.0 10.0 180.0 0.948661
20.0 20.0  0.0 1.220982
20.0 20.0 10.0 1.193750
20.0 20.0 20.0 1.167411
20.0 20.0 30.0 1.141518
20.0 20.0 40.0 1.115625
20.0 20.0 50.0 1.089286
20.0 20.0 60.0 1.062946
20.0 20.0 70.0 1.037054
20.0 20.0 80.0 1.011161
20.0 20.0 90.0 0.986607
20.0 20.0 100.0 0.963393
20.0 20.0 110.0 0.941518
20.0 20.0 120.0 0.921875
20.0 20.0 130.0 0.904911
20.0 20.0 140.0 0.890625
20.0 20.0 150.0 0.879018
20.0 20.0 160.0 0.870536
20.0 20.0 170.0 0.865625
20.0 20.0 180.0 0.863839
20.0 30.0  0.0 1.181696
20.0 30.0 10.0 1.175000
20.0 30.0 20.0 1.157589
20.0 30.0 30.0 1.133036
20.0 30.0 40.0 1.104018
20.0 30.0 50.0 1.072768
20.0 30.0 60.0 1.039732
20.0 30.0 70.0 1.006250
20.0 30.0 80.0 0.972768
20.0 30.0 90.0 0.940625
20.0 30.0 100.0 0.909821
20.0 30.0 110.0 0.881250
20.0 30.0 120.0 0.855804
20.0 30.0 130.0 0.833036
20.0 30.0 140.0 0.814286
20.0 30.0 150.0 0.799554
20.0 30.0 160.0 0.788839
20.0 30.0 170.0 0.782589
20.0 30.0 180.0 0.780357
20.0 40.0  0.0 1.149554
20.0 40.0 10.0 1.144196
20.0 40.0 20.0 1.129018
20.0 40.0 30.0 1.104911
20.0 40.0 40.0 1.075000
20.0 40.0 50.0 1.040625
20.0 40.0 60.0 1.003125
20.0 40.0 70.0 0.963839
20.0 40.0 80.0 0.925000
20.0 40.0 90.0 0.886607
20.0 40.0 100.0 0.850446
20.0 40.0 110.0 0.816964
20.0 40.0 120.0 0.786607
20.0 40.0 130.0 0.760714
20.0 40.0 140.0 0.739286
20.0 40.0 150.0 0.722321
20.0 40.0 160.0 0.709821
20.0 40.0 170.0 0.702679
20.0 40.0 180.0 0.700000
20.0 50.0  0.0 1.113393
20.0 50.0 10.0 1.108036
20.0 50.0 20.0 1.092857
20.0 50.0 30.0 1.067857
20.0 50.0 40.0 1.036161
20.0 50.0 50.0 0.998661
20.0 50.0 60.0 0.957143
20.0 50.0 70.0 0.913839
20.0 50.0 80.0 0.870536
20.0 50.0 90.0 0.828125
20.0 50.0 100.0 0.788393
20.0 50.0 110.0 0.751339
20.0 50.0 120.0 0.719196
20.0 50.0 130.0 0.691071
20.0 50.0 140.0 0.667857
20.0 50.0 150.0 0.650000
20.0 50.0 160.0 0.637500
20.0 50.0 170.0 0.629464
20.0 50.0 180.0 0.627232
20.0 60.0  0.0 1.070982
20.0 60.0 10.0 1.065179
20.0 60.0 20.0 1.049107
20.0 60.0 30.0 1.023214
20.0 60.0 40.0 0.989286
20.0 60.0 50.0 0.949554
20.0 60.0 60.0 0.905804
20.0 60.0 70.0 0.859821
20.0 60.0 80.0 0.813393
20.0 60.0 90.0 0.769196
20.0 60.0 100.0 0.727232
20.0 60.0 110.0 0.689732
20.0 60.0 120.0 0.656696
20.0 60.0 130.0 0.628571
20.0 60.0 140.0 0.605804
20.0 60.0 150.0 0.588393
20.0 60.0 160.0 0.575893
20.0 60.0 170.0 0.568750
20.0 60.0 180.0 0.566518
20.0 70.0  0.0 1.022321
20.0 70.0 10.0 1.016518
20.0 70.0 20.0 1.000000
20.0 70.0 30.0 0.973214
20.0 70.0 40.0 0.938393
20.0 70.0 50.0 0.896875
20.0 70.0 60.0 0.851786
20.0 70.0 70.0 0.804911
20.0 70.0 80.0 0.758036
20.0 70.0 90.0 0.713839
20.0 70.0 100.0 0.672768
20.0 70.0 110.0 0.636161
20.0 70.0 120.0 0.604911
20.0 70.0 130.0 0.579018
20.0 70.0 140.0 0.558482
20.0 70.0 150.0 0.542857
20.0 70.0 160.0 0.532143
20.0 70.0 170.0 0.525893
20.0 70.0 180.0 0.524107
20.0 80.0  0.0 0.970536
20.0 80.0 10.0 0.965179
20.0 80.0 20.0 0.948214
20.0 80.0 30.0 0.921429
20.0 80.0 40.0 0.886161
20.0 80.0 50.0 0.845536
20.0 80.0 60.0 0.800893
20.0 80.0 70.0 0.754911
20.0 80.0 80.0 0.710268
20.0 80.0 90.0 0.668304
20.0 80.0 100.0 0.630357
20.0 80.0 110.0 0.597768
20.0 80.0 120.0 0.570982
20.0 80.0 130.0 0.549107
20.0 80.0 140.0 0.533036
20.0 80.0 150.0 0.520982
20.0 80.0 160.0 0.513393
20.0 80.0 170.0 0.508929
20.0 80.0 180.0 0.507143
20.0 89.5  0.0 0.923661
20.0 89.5 10.0 0.917857
20.0 89.5 20.0 0.901786
20.0 89.5 30.0 0.875893
20.0 89.5 40.0 0.841964
20.0 89.5 50.0 0.803125
20.0 89.5 60.0 0.761161
20.0 89.5 70.0 0.718750
20.0 89.5 80.0 0.678125
20.0 89.5 90.0 0.641518
20.0 89.5 100.0 0.609375
20.0 89.5 110.0 0.583482
20.0 89.5 120.0 0.562946
20.0 89.5 130.0 0.547768
20.0 89.5 140.0 0.537500
20.0 89.5 150.0 0.530804
20.0 89.5 160.0 0.526786
20.0 89.5 170.0 0.524554
20.0 89.5 180.0 0.524107
30.0  0.0  0.0 0.972321
30.0  0.0 10.0 0.972321
30.0  0.0 20.0 0.972321
30.0  0.0 30.0 0.972321
30.0  0.0 40.0 0.972321
30.0  0.0 50.0 0.972321
30.0  0.0 60.0 0.972321
30.0  0.0 70.0 0.972321
30.0  0.0 80.0 0.972321
30.0  0.0 90.0 0.972321
30.0  0.0 100.0 0.972321
30.0  0.0 110.0 0.972321
30.0  0.0 120.0 0.972321
30.0  0.0 130.0 0.972321
30.0  0.0 140.0 0.972321
30.0  0.0 150.0 0.972321
30.0  0.0 160.0 0.972321
30.0  0.0 170.0 0.972321
30.0  0.0 180.0 0.972321
30.0 10.0  0.0 1.074107
30.0 10.0 10.0 1.071875
30.0 10.0 20.0 1.066071
30.0 10.0 30.0 1.057143
30.0 10.0 40.0 1.045089
30.0 10.0 50.0 1.030804
30.0 10.0 60.0 1.015179
30.0 10.0 70.0 0.998214
30.0 10.0 80.0 0.981250
30.0 10.0 90.0 0.964286
30.0 10.0 100.0 0.947321
30.0 10.0 110.0 0.931696
30.0 10.0 120.0 0.917411
30.0 10.0 130.0 0.904911
30.0 10.0 140.0 0.894196
30.0 10.0 150.0 0.885714
30.0 10.0 160.0 0.879464
30.0 10.0 170.0 0.875893
30.0 10.0 180.0 0.874554
30.0 20.0  0.0 1.181696
30.0 20.0 10.0 1.175000
30.0 20.0 20.0 1.157589
30.0 20.0 30.0 1.133036
30.0 20.0 40.0 1.104018
30.0 20.0 50.0 1.072768
30.0 20.0 60.0 1.039732
30.0 20.0 70.0 1.006250
30.0 20.0 80.0 0.972768
30.0 20.0 90.0 0.940625
30.0 20.0 100.0 0.909821
30.0 20.0 110.0 0.881250
30.0 20.0 120.0 0.855804
30.0 20.0 130.0 0.833036
30.0 20.0 140.0 0.814286
30.0 20.0 150.0 0.799554
30.0 20.0 160.0 0.788839
30.0 20.0 170.0 0.782589
30.0 20.0 180.0 0.780357
30.0 30.0  0.0 1.308929
30.0 30.0 10.0 1.266071
30.0 30.0 20.0 1.224554
30.0 30.0 30.0 1.182143
30.0 30.0 40.0 1.137946
30.0 30.0 50.0 1.091964
30.0 30.0 60.0 1.044643
30.0 30.0 70.0 0.997321
30.0 30.0 80.0 0.950446
30.0 30.0 90.0 0.905357
30.0 30.0 100.0 0.863393
30.0 30.0 110.0 0.824554
30.0 30.0 120.0 0.790179
30.0 30.0 130.0 0.760714
30.0 30.0 140.0 0.736161
30.0 30.0 150.0 0.716964
30.0 30.0 160.0 0.703125
30.0 30.0 170.0 0.695089
30.0 30.0 180.0 0.692411
30.0 40.0  0.0 1.287946
30.0 40.0 10.0 1.274554
30.0 40.0 20.0 1.241071
30.0 40.0 30.0 1.196429
30.0 40.0 40.0 1.145982
30.0 40.0 50.0 1.090625
30.0 40.0 60.0 1.033036
30.0 40.0 70.0 0.975000
30.0 40.0 80.0 0.917857
30.0 40.0 90.0 0.862946
30.0 40.0 100.0 0.812054
30.0 40.0 110.0 0.765625
30.0 40.0 120.0 0.725446
30.0 40.0 130.0 0.691071
30.0 40.0 140.0 0.662946
30.0 40.0 150.0 0.641518
30.0 40.0 160.0 0.625893
30.0 40.0 170.0 0.616964
30.0 40.0 180.0 0.613839
30.0 50.0  0.0 1.275446
30.0 50.0 10.0 1.264732
30.0 50.0 20.0 1.235268
30.0 50.0 30.0 1.191518
30.0 50.0 40.0 1.136607
30.0 50.0 50.0 1.075446
30.0 50.0 60.0 1.009821
30.0 50.0 70.0 0.943304
30.0 50.0 80.0 0.878125
30.0 50.0 90.0 0.816071
30.0 50.0 100.0 0.758929
30.0 50.0 110.0 0.708036
30.0 50.0 120.0 0.664286
30.0 50.0 130.0 0.628125
30.0 50.0 140.0 0.598661
30.0 50.0 150.0 0.576786
30.0 50.0 160.0 0.561161
30.0 50.0 170.0 0.552232
30.0 50.0 180.0 0.549107
30.0 60.0  0.0 1.260268
30.0 60.0 10.0 1.250000
30.0 60.0 20.0 1.220982
30.0 60.0 30.0 1.175000
30.0 60.0 40.0 1.116964
30.0 60.0 50.0 1.050446
30.0 60.0 60.0 0.979018
30.0 60.0 70.0 0.906250
30.0 60.0 80.0 0.835268
30.0 60.0 90.0 0.768750
30.0 60.0 100.0 0.708482
30.0 60.0 110.0 0.656250
30.0 60.0 120.0 0.612054
30.0 60.0 130.0 0.576339
30.0 60.0 140.0 0.548661
30.0 60.0 150.0 0.528125
30.0 60.0 160.0 0.514286
30.0 60.0 170.0 0.506250
30.0 60.0 180.0 0.503571
30.0 70.0  0.0 1.240179
30.0 70.0 10.0 1.229464
30.0 70.0 20.0 1.199107
30.0 70.0 30.0 1.151339
30.0 70.0 40.0 1.090179
30.0 70.0 50.0 1.019643
30.0 70.0 60.0 0.943750
30.0 70.0 70.0 0.867411
30.0 70.0 80.0 0.793750
30.0 70.0 90.0 0.725893
30.0 70.0 100.0 0.666071
30.0 70.0 110.0 0.615179
30.0 70.0 120.0 0.574107
30.0 70.0 130.0 0.541964
30.0 70.0 140.0 0.518304
30.0 70.0 150.0 0.502232
30.0 70.0 160.0 0.491518
30.0 70.0 170.0 0.485714
30.0 70.0 180.0 0.483929
30.0 80.0  0.0 1.215179
30.0 80.0 10.0 1.204464
30.0 80.0 20.0 1.173214
30.0 80.0 30.0 1.123661
30.0 80.0 40.0 1.060268
30.0 80.0 50.0 0.987500
30.0 80.0 60.0 0.909821
30.0 80.0 70.0 0.832143
30.0 80.0 80.0 0.758929
30.0 80.0 90.0 0.693304
30.0 80.0 100.0 0.637054
30.0 80.0 110.0 0.591964
30.0 80.0 120.0 0.557143
30.0 80.0 130.0 0.532589
30.0 80.0 140.0 0.516071
30.0 80.0 150.0 0.506250
30.0 80.0 160.0 0.500446
30.0 80.0 170.0 0.498214
30.0 80.0 180.0 0.497321
30.0 89.5  0.0 1.191518
30.0 89.5 10.0 1.180357
30.0 89.5 20.0 1.148661
30.0 89.5 30.0 1.098661
30.0 89.5 40.0 1.034375
30.0 89.5 50.0 0.961161
30.0 89.5 60.0 0.884375
30.0 89.5 70.0 0.808929
30.0 89.5 80.0 0.739732
30.0 89.5 90.0 0.679464
30.0 89.5 100.0 0.630804
30.0 89.5 110.0 0.594643
30.0 89.5 120.0 0.570089
30.0 89.5 130.0 0.555357
30.0 89.5 140.0 0.549107
30.0 89.5 150.0 0.547768
30.0 89.5 160.0 0.549107
30.0 89.5 170.0 0.550893
30.0 89.5 180.0 0.551786
40.0  0.0  0.0 0.907589
40.0  0.0 10.0 0.907589
40.0  0.0 20.0 0.907589
40.0  0.0 30.0 0.907589
40.0  0.0 40.0 0.907589
40.0  0.0 50.0 0.907589
40.0  0.0 60.0 0.907589
40.0  0.0 70.0 0.907589
40.0  0.0 80.0 0.907589
40.0  0.0 90.0 0.907589
40.0  0.0 100.0 0.907589
40.0  0.0 110.0 0.907589
40.0  0.0 120.0 0.907589
40.0  0.0 130.0 0.907589
40.0  0.0 140.0 0.907589
40.0  0.0 150.0 0.907589
40.0  0.0 160.0 0.907589
40.0  0.0 170.0 0.907589
40.0  0.0 180.0 0.907589
40.0 10.0  0.0 1.024107
40.0 10.0 10.0 1.022321
40.0 10.0 20.0 1.016071
40.0 10.0 30.0 1.006250
40.0 10.0 40.0 0.993304
40.0 10.0 50.0 0.977679
40.0 10.0 60.0 0.960268
40.0 10.0 70.0 0.941518
40.0 10.0 80.0 0.921875
40.0 10.0 90.0 0.902232
40.0 10.0 100.0 0.883036
40.0 10.0 110.0 0.865179
40.0 10.0 120.0 0.848661
40.0 10.0 130.0 0.833929
40.0 10.0 140.0 0.821875
40.0 10.0 150.0 0.812054
40.0 10.0 160.0 0.804911
40.0 10.0 170.0 0.800446
40.0 10.0 180.0 0.799107
40.0 20.0  0.0 1.149554
40.0 20.0 10.0 1.144196
40.0 20.0 20.0 1.129018
40.0 20.0 30.0 1.104911
40.0 20.0 40.0 1.075000
40.0 20.0 50.0 1.040625
40.0 20.0 60.0 1.003125
40.0 20.0 70.0 0.963839
40.0 20.0 80.0 0.925000
40.0 20.0 90.0 0.886607
40.0 20.0 100.0 0.850446
40.0 20.0 110.0 0.816964
40.0 20.0 120.0 0.786607
40.0 20.0 130.0 0.760714
40.0 20.0 140.0 0.739286
40.0 20.0 150.0 0.722321
40.0 20.0 160.0 0.709821
40.0 20.0 170.0 0.702679
40.0 20.0 180.0 0.700000
40.0 30.0  0.0 1.287946
40.0 30.0 10.0 1.274554
40.0 30.0 20.0 1.241071
40.0 30.0 30.0 1.196429
40.0 30.0 40.0 1.145982
40.0 30.0 50.0 1.090625
40.0 30.0 60.0 1.033036
40.0 30.0 70.0 0.975000
40.0 30.0 80.0 0.917857
40.0 30.0 90.0 0.862946
40.0 30.0 100.0 0.812054
40.0 30.0 110.0 0.765625
40.0 30.0 120.0 0.725446
40.0 30.0 130.0 0.691071
40.0 30.0 140.0 0.662946
40.0 30.0 150.0 0.641518
40.0 30.0 160.0 0.625893
40.0 30.0 170.0 0.616964
40.0 30.0 180.0 0.613839
40.0 40.0  0.0 1.455804
40.0 40.0 10.0 1.393750
40.0 40.0 20.0 1.332589
40.0 40.0 30.0 1.267857
40.0 40.0 40.0 1.198661
40.0 40.0 50.0 1.125446
40.0 40.0 60.0 1.050446
40.0 40.0 70.0 0.975000
40.0 40.0 80.0 0.902232
40.0 40.0 90.0 0.833482
40.0 40.0 100.0 0.770982
40.0 40.0 110.0 0.715179
40.0 40.0 120.0 0.667857
40.0 40.0 130.0 0.628125
40.0 40.0 140.0 0.596875
40.0 40.0 150.0 0.573214
40.0 40.0 160.0 0.556696
40.0 40.0 170.0 0.546875
40.0 40.0 180.0 0.543750
40.0 50.0  0.0 1.462500
40.0 50.0 10.0 1.439286
40.0 50.0 20.0 1.384375
40.0 50.0 30.0 1.313839
40.0 50.0 40.0 1.233482
40.0 50.0 50.0 1.146429
40.0 50.0 60.0 1.056696
40.0 50.0 70.0 0.967411
40.0 50.0 80.0 0.881250
40.0 50.0 90.0 0.801786
40.0 50.0 100.0 0.730357
40.0 50.0 110.0 0.668750
40.0 50.0 120.0 0.617411
40.0 50.0 130.0 0.576339
40.0 50.0 140.0 0.544643
40.0 50.0 150.0 0.521429
40.0 50.0 160.0 0.506250
40.0 50.0 170.0 0.497321
40.0 50.0 180.0 0.494196
40.0 60.0  0.0 1.483929
40.0 60.0 10.0 1.466071
40.0 60.0 20.0 1.416518
40.0 60.0 30.0 1.343750
40.0 60.0 40.0 1.255357
40.0 60.0 50.0 1.157589
40.0 60.0 60.0 1.055804
40.0 60.0 70.0 0.954464
40.0 60.0 80.0 0.858482
40.0 60.0 90.0 0.770982
40.0 60.0 100.0 0.694643
40.0 60.0 110.0 0.630357
40.0 60.0 120.0 0.579018
40.0 60.0 130.0 0.539732
40.0 60.0 140.0 0.511607
40.0 60.0 150.0 0.491964
40.0 60.0 160.0 0.479464
40.0 60.0 170.0 0.472768
40.0 60.0 180.0 0.470982
40.0 70.0  0.0 1.509821
40.0 70.0 10.0 1.492411
40.0 70.0 20.0 1.442411
40.0 70.0 30.0 1.366071
40.0 70.0 40.0 1.270982
40.0 70.0 50.0 1.163839
40.0 70.0 60.0 1.051786
40.0 70.0 70.0 0.941518
40.0 70.0 80.0 0.837946
40.0 70.0 90.0 0.745982
40.0 70.0 100.0 0.668304
40.0 70.0 110.0 0.605804
40.0 70.0 120.0 0.558482
40.0 70.0 130.0 0.525446
40.0 70.0 140.0 0.503571
40.0 70.0 150.0 0.490625
40.0 70.0 160.0 0.483929
40.0 70.0 170.0 0.480804
40.0 70.0 180.0 0.479911
40.0 80.0  0.0 1.539286
40.0 80.0 10.0 1.520982
40.0 80.0 20.0 1.468750
40.0 80.0 30.0 1.387946
40.0 80.0 40.0 1.285714
40.0 80.0 50.0 1.170536
40.0 80.0 60.0 1.050893
40.0 80.0 70.0 0.933929
40.0 80.0 80.0 0.826786
40.0 80.0 90.0 0.733929
40.0 80.0 100.0 0.658482
40.0 80.0 110.0 0.602232
40.0 80.0 120.0 0.563839
40.0 80.0 130.0 0.540625
40.0 80.0 140.0 0.529464
40.0 80.0 150.0 0.526786
40.0 80.0 160.0 0.528125
40.0 80.0 170.0 0.530357
40.0 80.0 180.0 0.531250
40.0 89.5  0.0 1.575446
40.0 89.5 10.0 1.556696
40.0 89.5 20.0 1.501339
40.0 89.5 30.0 1.416071
40.0 89.5 40.0 1.307589
40.0 89.5 50.0 1.185714
40.0 89.5 60.0 1.060268
40.0 89.5 70.0 0.940179
40.0 89.5 80.0 0.832143
40.0 89.5 90.0 0.742857
40.0 89.5 100.0 0.674554
40.0 89.5 110.0 0.628571
40.0 89.5 120.0 0.603125
40.0 89.5 130.0 0.594643
40.0 89.5 140.0 0.598214
40.0 89.5 150.0 0.608482
40.0 89.5 160.0 0.620089
40.0 89.5 170.0 0.629018
40.0 89.5 180.0 0.632143
50.0  0.0  0.0 0.839286
50.0  0.0 10.0 0.839286
50.0  0.0 20.0 0.839286
50.0  0.0 30.0 0.839286
50.0  0.0 40.0 0.839286
50.0  0.0 50.0 0.839286
50.0  0.0 60.0 0.839286
50.0  0.0 70.0 0.839286
50.0  0.0 80.0 0.839286
50.0  0.0 90.0 0.839286
50.0  0.0 100.0 0.839286
50.0  0.0 110.0 0.839286
50.0  0.0 120.0 0.839286
50.0  0.0 130.0 0.839286
50.0  0.0 140.0 0.839286
50.0  0.0 150.0 0.839286
50.0  0.0 160.0 0.839286
50.0  0.0 170.0 0.839286
50.0  0.0 180.0 0.839286
50.0 10.0  0.0 0.968750
50.0 10.0 10.0 0.966518
50.0 10.0 20.0 0.960268
50.0 10.0 30.0 0.949554
50.0 10.0 40.0 0.935714
50.0 10.0 50.0 0.918750
50.0 10.0 60.0 0.899554
50.0 10.0 70.0 0.879018
50.0 10.0 80.0 0.857589
50.0 10.0 90.0 0.836161
50.0 10.0 100.0 0.815625
50.0 10.0 110.0 0.795982
50.0 10.0 120.0 0.778125
50.0 10.0 130.0 0.762500
50.0 10.0 140.0 0.749107
50.0 10.0 150.0 0.738393
50.0 10.0 160.0 0.730804
50.0 10.0 170.0 0.726339
50.0 10.0 180.0 0.724554
50.0 20.0  0.0 1.113393
50.0 20.0 10.0 1.108036
50.0 20.0 20.0 1.092857
50.0 20.0 30.0 1.067857
50.0 20.0 40.0 1.036161
50.0 20.0 50.0 0.998661
50.0 20.0 60.0 0.957143
50.0 20.0 70.0 0.913839
50.0 20.0 80.0 0.870536
50.0 20.0 90.0 0.828125
50.0 20.0 100.0 0.788393
50.0 20.0 110.0 0.751339
50.0 20.0 120.0 0.719196
50.0 20.0 130.0 0.691071
50.0 20.0 140.0 0.667857
50.0 20.0 150.0 0.650000
50.0 20.0 160.0 0.637500
50.0 20.0 170.0 0.629464
50.0 20.0 180.0 0.627232
50.0 30.0  0.0 1.275446
50.0 30.0 10.0 1.264732
50.0 30.0 20.0 1.235268
50.0 30.0 30.0 1.191518
50.0 30.0 40.0 1.136607
50.0 30.0 50.0 1.075446
50.0 30.0 60.0 1.009821
50.0 30.0 70.0 0.943304
50.0 30.0 80.0 0.878125
50.0 30.0 90.0 0.816071
50.0 30.0 100.0 0.758929
50.0 30.0 110.0 0.708036
50.0 30.0 120.0 0.664286
50.0 30.0 130.0 0.628125
50.0 30.0 140.0 0.598661
50.0 30.0 150.0 0.576786
50.0 30.0 160.0 0.561161
50.0 30.0 170.0 0.552232
50.0 30.0 180.0 0.549107
50.0 40.0  0.0 1.462500
50.0 40.0 10.0 1.439286
50.0 40.0 20.0 1.384375
50.0 40.0 30.0 1.313839
50.0 40.0 40.0 1.233482
50.0 40.0 50.0 1.146429
50.0 40.0 60.0 1.056696
50.0 40.0 70.0 0.967411
50.0 40.0 80.0 0.881250
50.0 40.0 90.0 0.801786
50.0 40.0 100.0 0.730357
50.0 40.0 110.0 0.668750
50.0 40.0 120.0 0.617411
50.0 40.0 130.0 0.576339
50.0 40.0 140.0 0.544643
50.0 40.0 150.0 0.521429
50.0 40.0 160.0 0.506250
50.0 40.0 170.0 0.497321
50.0 40.0 180.0 0.494196
50.0 50.0  0.0 1.699107
50.0 50.0 10.0 1.611607
50.0 50.0 20.0 1.523214
50.0 50.0 30.0 1.426786
50.0 50.0 40.0 1.322321
50.0 50.0 50.0 1.211607
50.0 50.0 60.0 1.098661
50.0 50.0 70.0 0.987500
50.0 50.0 80.0 0.883036
50.0 50.0 90.0 0.787946
50.0 50.0 100.0 0.705357
50.0 50.0 110.0 0.636607
50.0 50.0 120.0 0.581696
50.0 50.0 130.0 0.539732
50.0 50.0 140.0 0.509375
50.0 50.0 150.0 0.488839
50.0 50.0 160.0 0.475893
50.0 50.0 170.0 0.468750
50.0 50.0 180.0 0.466518
50.0 60.0  0.0 1.759375
50.0 60.0 10.0 1.721875
50.0 60.0 20.0 1.636607
50.0 60.0 30.0 1.528125
50.0 60.0 40.0 1.404911
50.0 60.0 50.0 1.273214
50.0 60.0 60.0 1.138393
50.0 60.0 70.0 1.007589
50.0 60.0 80.0 0.886161
50.0 60.0 90.0 0.778571
50.0 60.0 100.0 0.687946
50.0 60.0 110.0 0.615625
50.0 60.0 120.0 0.561161
50.0 60.0 130.0 0.522768
50.0 60.0 140.0 0.498214
50.0 60.0 150.0 0.483482
50.0 60.0 160.0 0.475893
50.0 60.0 170.0 0.472768
50.0 60.0 180.0 0.471875
50.0 70.0  0.0 1.854018
50.0 70.0 10.0 1.824107
50.0 70.0 20.0 1.743304
50.0 70.0 30.0 1.627232
50.0 70.0 40.0 1.488393
50.0 70.0 50.0 1.337054
50.0 70.0 60.0 1.182143
50.0 70.0 70.0 1.033036
50.0 70.0 80.0 0.896429
50.0 70.0 90.0 0.779018
50.0 70.0 100.0 0.683929
50.0 70.0 110.0 0.612054
50.0 70.0 120.0 0.562500
50.0 70.0 130.0 0.532589
50.0 70.0 140.0 0.517857
50.0 70.0 150.0 0.512946
50.0 70.0 160.0 0.513839
50.0 70.0 170.0 0.516071
50.0 70.0 180.0 0.516964
50.0 80.0  0.0 1.980357
50.0 80.0 10.0 1.950893
50.0 80.0 20.0 1.866964
50.0 80.0 30.0 1.741071
50.0 80.0 40.0 1.585714
50.0 80.0 50.0 1.414286
50.0 80.0 60.0 1.239286
50.0 80.0 70.0 1.072321
50.0 80.0 80.0 0.922768
50.0 80.0 90.0 0.798214
50.0 80.0 100.0 0.701786
50.0 80.0 110.0 0.635268
50.0 80.0 120.0 0.595982
50.0 80.0 130.0 0.579464
50.0 80.0 140.0 0.579911
50.0 80.0 150.0 0.589732
50.0 80.0 160.0 0.602232
50.0 80.0 170.0 0.612500
50.0 80.0 180.0 0.616071
50.0 89.5  0.0 2.147321
50.0 89.5 10.0 2.115179
50.0 89.5 20.0 2.024107
50.0 89.5 30.0 1.884375
50.0 89.5 40.0 1.710268
50.0 89.5 50.0 1.517857
50.0 89.5 60.0 1.321875
50.0 89.5 70.0 1.137946
50.0 89.5 80.0 0.976786
50.0 89.5 90.0 0.846875
50.0 89.5 100.0 0.753571
50.0 89.5 110.0 0.696875
50.0 89.5 120.0 0.673214
50.0 89.5 130.0 0.676339
50.0 89.5 140.0 0.696875
50.0 89.5 150.0 0.725893
50.0 89.5 160.0 0.754018
50.0 89.5 170.0 0.774107
50.0 89.5 180.0 0.781696
60.0  0.0  0.0 0.770089
60.0  0.0 10.0 0.770089
60.0  0.0 20.0 0.770089
60.0  0.0 30.0 0.770089
60.0  0.0 40.0 0.770089
60.0  0.0 50.0 0.770089
60.0  0.0 60.0 0.770089
60.0  0.0 70.0 0.770089
60.0  0.0 80.0 0.770089
60.0  0.0 90.0 0.770089
60.0  0.0 100.0 0.770089
60.0  0.0 110.0 0.770089
60.0  0.0 120.0 0.770089
60.0  0.0 130.0 0.770089
60.0  0.0 140.0 0.770089
60.0  0.0 150.0 0.770089
60.0  0.0 160.0 0.770089
60.0  0.0 170.0 0.770089
60.0  0.0 180.0 0.770089
60.0 10.0  0.0 0.908482
60.0 10.0 10.0 0.906250
60.0 10.0 20.0 0.899107
60.0 10.0 30.0 0.888393
60.0 10.0 40.0 0.873661
60.0 10.0 50.0 0.855804
60.0 10.0 60.0 0.835714
60.0 10.0 70.0 0.814286
60.0 10.0 80.0 0.791964
60.0 10.0 90.0 0.769643
60.0 10.0 100.0 0.748214
60.0 10.0 110.0 0.728125
60.0 10.0 120.0 0.709821
60.0 10.0 130.0 0.693750
60.0 10.0 140.0 0.680357
60.0 10.0 150.0 0.669643
60.0 10.0 160.0 0.662054
60.0 10.0 170.0 0.657589
60.0 10.0 180.0 0.655804
60.0 20.0  0.0 1.070982
60.0 20.0 10.0 1.065179
60.0 20.0 20.0 1.049107
60.0 20.0 30.0 1.023214
60.0 20.0 40.0 0.989286
60.0 20.0 50.0 0.949554
60.0 20.0 60.0 0.905804
60.0 20.0 70.0 0.859821
60.0 20.0 80.0 0.813393
60.0 20.0 90.0 0.769196
60.0 20.0 100.0 0.727232
60.0 20.0 110.0 0.689732
60.0 20.0 120.0 0.656696
60.0 20.0 130.0 0.628571
60.0 20.0 140.0 0.605804
60.0 20.0 150.0 0.588393
60.0 20.0 160.0 0.575893
60.0 20.0 170.0 0.568750
60.0 20.0 180.0 0.566518
60.0 30.0  0.0 1.260268
60.0 30.0 10.0 1.250000
60.0 30.0 20.0 1.220982
60.0 30.0 30.0 1.175000
60.0 30.0 40.0 1.116964
60.0 30.0 50.0 1.050446
60.0 30.0 60.0 0.979018
60.0 30.0 70.0 0.906250
60.0 30.0 80.0 0.835268
60.0 30.0 90.0 0.768750
60.0 30.0 100.0 0.708482
60.0 30.0 110.0 0.656250
60.0 30.0 120.0 0.612054
60.0 30.0 130.0 0.576339
60.0 30.0 140.0 0.548661
60.0 30.0 150.0 0.528125
60.0 30.0 160.0 0.514286
60.0 30.0 170.0 0.506250
60.0 30.0 180.0 0.503571
60.0 40.0  0.0 1.483929
60.0 40.0 10.0 1.466071
60.0 40.0 20.0 1.416518
60.0 40.0 30.0 1.343750
60.0 40.0 40.0 1.255357
60.0 40.0 50.0 1.157589
60.0 40.0 60.0 1.055804
60.0 40.0 70.0 0.954464
60.0 40.0 80.0 0.858482
60.0 40.0 90.0 0.770982
60.0 40.0 100.0 0.694643
60.0 40.0 110.0 0.630357
60.0 40.0 120.0 0.579018
60.0 40.0 130.0 0.539732
60.0 40.0 140.0 0.511607
60.0 40.0 150.0 0.491964
60.0 40.0 160.0 0.479464
60.0 40.0 170.0 0.472768
60.0 40.0 180.0 0.470982
60.0 50.0  0.0 1.759375
60.0 50.0 10.0 1.721875
60.0 50.0 20.0 1.636607
60.0 50.0 30.0 1.528125
60.0 50.0 40.0 1.404911
60.0 50.0 50.0 1.273214
60.0 50.0 60.0 1.138393
60.0 50.0 70.0 1.007589
60.0 50.0 80.0 0.886161
60.0 50.0 90.0 0.778571
60.0 50.0 100.0 0.687946
60.0 50.0 110.0 0.615625
60.0 50.0 120.0 0.561161
60.0 50.0 130.0 0.522768
60.0 50.0 140.0 0.498214
60.0 50.0 150.0 0.483482
60.0 50.0 160.0 0.475893
60.0 50.0 170.0 0.472768
60.0 50.0 180.0 0.471875
60.0 60.0  0.0 2.130357
60.0 60.0 10.0 2.003125
60.0 60.0 20.0 1.872768
60.0 60.0 30.0 1.727679
60.0 60.0 40.0 1.568750
60.0 60.0 50.0 1.400893
60.0 60.0 60.0 1.232143
60.0 60.0 70.0 1.070536
60.0 60.0 80.0 0.923214
60.0 60.0 90.0 0.796429
60.0 60.0 100.0 0.693750
60.0 60.0 110.0 0.616518
60.0 60.0 120.0 0.562946
60.0 60.0 130.0 0.530357
60.0 60.0 140.0 0.513839
60.0 60.0 150.0 0.508929
60.0 60.0 160.0 0.509375
60.0 60.0 170.0 0.511607
60.0 60.0 180.0 0.512500
60.0 70.0  0.0 2.320089
60.0 70.0 10.0 2.258482
60.0 70.0 20.0 2.123214
60.0 70.0 30.0 1.952679
60.0 70.0 40.0 1.758929
60.0 70.0 50.0 1.553571
60.0 70.0 60.0 1.347768
60.0 70.0 70.0 1.152679
60.0 70.0 80.0 0.978571
60.0 70.0 90.0 0.832589
60.0 70.0 100.0 0.719643
60.0 70.0 110.0 0.640625
60.0 70.0 120.0 0.592857
60.0 70.0 130.0 0.571429
60.0 70.0 140.0 0.568750
60.0 70.0 150.0 0.577679
60.0 70.0 160.0 0.590625
60.0 70.0 170.0 0.600893
60.0 70.0 180.0 0.604911
60.0 80.0  0.0 2.620982
60.0 80.0 10.0 2.569643
60.0 80.0 20.0 2.432143
60.0 80.0 30.0 2.237054
60.0 80.0 40.0 2.005804
60.0 80.0 50.0 1.757143
60.0 80.0 60.0 1.507589
60.0 80.0 70.0 1.273661
60.0 80.0 80.0 1.068750
60.0 80.0 90.0 0.902679
60.0 80.0 100.0 0.780804
60.0 80.0 110.0 0.703125
60.0 80.0 120.0 0.666518
60.0 80.0 130.0 0.662500
60.0 80.0 140.0 0.680804
60.0 80.0 150.0 0.710714
60.0 80.0 160.0 0.740625
60.0 80.0 170.0 0.762500
60.0 80.0 180.0 0.770536
60.0 89.5  0.0 3.075893
60.0 89.5 10.0 3.020982
60.0 89.5 20.0 2.866964
60.0 89.5 30.0 2.637054
60.0 89.5 40.0 2.356696
60.0 89.5 50.0 2.052232
60.0 89.5 60.0 1.747321
60.0 89.5 70.0 1.464286
60.0 89.5 80.0 1.221429
60.0 89.5 90.0 1.030804
60.0 89.5 100.0 0.899554
60.0 89.5 110.0 0.827232
60.0 89.5 120.0 0.807589
60.0 89.5 130.0 0.829464
60.0 89.5 140.0 0.877679
60.0 89.5 150.0 0.936161
60.0 89.5 160.0 0.990625
60.0 89.5 170.0 1.028125
60.0 89.5 180.0 1.041518
70.0  0.0  0.0 0.705357
70.0  0.0 10.0 0.705357
70.0  0.0 20.0 0.705357
70.0  0.0 30.0 0.705357
70.0  0.0 40.0 0.705357
70.0  0.0 50.0 0.705357
70.0  0.0 60.0 0.705357
70.0  0.0 70.0 0.705357
70.0  0.0 80.0 0.705357
70.0  0.0 90.0 0.705357
70.0  0.0 100.0 0.705357
70.0  0.0 110.0 0.705357
70.0  0.0 120.0 0.705357
70.0  0.0 130.0 0.705357
70.0  0.0 140.0 0.705357
70.0  0.0 150.0 0.705357
70.0  0.0 160.0 0.705357
70.0  0.0 170.0 0.705357
70.0  0.0 180.0 0.705357
70.0 10.0  0.0 0.845982
70.0 10.0 10.0 0.843304
70.0 10.0 20.0 0.836607
70.0 10.0 30.0 0.825446
70.0 10.0 40.0 0.810714
70.0 10.0 50.0 0.792857
70.0 10.0 60.0 0.772768
70.0 10.0 70.0 0.751339
70.0 10.0 80.0 0.729018
70.0 10.0 90.0 0.707143
70.0 10.0 100.0 0.686161
70.0 10.0 110.0 0.666518
70.0 10.0 120.0 0.649107
70.0 10.0 130.0 0.633929
70.0 10.0 140.0 0.620982
70.0 10.0 150.0 0.611161
70.0 10.0 160.0 0.603571
70.0 10.0 170.0 0.599554
70.0 10.0 180.0 0.598214
70.0 20.0  0.0 1.022321
70.0 20.0 10.0 1.016518
70.0 20.0 20.0 1.000000
70.0 20.0 30.0 0.973214
70.0 20.0 40.0 0.938393
70.0 20.0 50.0 0.896875
70.0 20.0 60.0 0.851786
70.0 20.0 70.0 0.804911
70.0 20.0 80.0 0.758036
70.0 20.0 90.0 0.713839
70.0 20.0 100.0 0.672768
70.0 20.0 110.0 0.636161
70.0 20.0 120.0 0.604911
70.0 20.0 130.0 0.579018
70.0 20.0 140.0 0.558482
70.0 20.0 150.0 0.542857
70.0 20.0 160.0 0.532143
70.0 20.0 170.0 0.525893
70.0 20.0 180.0 0.524107
70.0 30.0  0.0 1.240179
70.0 30.0 10.0 1.229464
70.0 30.0 20.0 1.199107
70.0 30.0 30.0 1.151339
70.0 30.0 40.0 1.090179
70.0 30.0 50.0 1.019643
70.0 30.0 60.0 0.943750
70.0 30.0 70.0 0.867411
70.0 30.0 80.0 0.793750
70.0 30.0 90.0 0.725893
70.0 30.0 100.0 0.666071
70.0 30.0 110.0 0.615179
70.0 30.0 120.0 0.574107
70.0 30.0 130.0 0.541964
70.0 30.0 140.0 0.518304
70.0 30.0 150.0 0.502232
70.0 30.0 160.0 0.491518
70.0 30.0 170.0 0.485714
70.0 30.0 180.0 0.483929
70.0 40.0  0.0 1.509821
70.0 40.0 10.0 1.492411
70.0 40.0 20.0 1.442411
70.0 40.0 30.0 1.366071
70.0 40.0 40.0 1.270982
70.0 40.0 50.0 1.163839
70.0 40.0 60.0 1.051786
70.0 40.0 70.0 0.941518
70.0 40.0 80.0 0.837946
70.0 40.0 90.0 0.745982
70.0 40.0 100.0 0.668304
70.0 40.0 110.0 0.605804
70.0 40.0 120.0 0.558482
70.0 40.0 130.0 0.525446
70.0 40.0 140.0 0.503571
70.0 40.0 150.0 0.490625
70.0 40.0 160.0 0.483929
70.0 40.0 170.0 0.480804
70.0 40.0 180.0 0.479911
70.0 50.0  0.0 1.854018
70.0 50.0 10.0 1.824107
70.0 50.0 20.0 1.743304
70.0 50.0 30.0 1.627232
70.0 50.0 40.0 1.488393
70.0 50.0 50.0 1.337054
70.0 50.0 60.0 1.182143
70.0 50.0 70.0 1.033036
70.0 50.0 80.0 0.896429
70.0 50.0 90.0 0.779018
70.0 50.0 100.0 0.683929
70.0 50.0 110.0 0.612054
70.0 50.0 120.0 0.562500
70.0 50.0 130.0 0.532589
70.0 50.0 140.0 0.517857
70.0 50.0 150.0 0.512946
70.0 50.0 160.0 0.513839
70.0 50.0 170.0 0.516071
70.0 50.0 180.0 0.516964
70.0 60.0  0.0 2.320089
70.0 60.0 10.0 2.258482
70.0 60.0 20.0 2.123214
70.0 60.0 30.0 1.952679
70.0 60.0 40.0 1.758929
70.0 60.0 50.0 1.553571
70.0 60.0 60.0 1.347768
70.0 60.0 70.0 1.152679
70.0 60.0 80.0 0.978571
70.0 60.0 90.0 0.832589
70.0 60.0 100.0 0.719643
70.0 60.0 110.0 0.640625
70.0 60.0 120.0 0.592857
70.0 60.0 130.0 0.571429
70.0 60.0 140.0 0.568750
70.0 60.0 150.0 0.577679
70.0 60.0 160.0 0.590625
70.0 60.0 170.0 0.600893
70.0 60.0 180.0 0.604911
70.0 70.0  0.0 3.026339
70.0 70.0 10.0 2.824554
70.0 70.0 20.0 2.614732
70.0 70.0 30.0 2.378125
70.0 70.0 40.0 2.118304
70.0 70.0 50.0 1.845982
70.0 70.0 60.0 1.575893
70.0 70.0 70.0 1.323661
70.0 70.0 80.0 1.102679
70.0 70.0 90.0 0.923214
70.0 70.0 100.0 0.790179
70.0 70.0 110.0 0.704911
70.0 70.0 120.0 0.662946
70.0 70.0 130.0 0.655804
70.0 70.0 140.0 0.673214
70.0 70.0 150.0 0.702232
70.0 70.0 160.0 0.732589
70.0 70.0 170.0 0.754911
70.0 70.0 180.0 0.762946
70.0 80.0  0.0 3.665625
70.0 80.0 10.0 3.552679
70.0 80.0 20.0 3.309375
70.0 80.0 30.0 3.003125
70.0 80.0 40.0 2.657143
70.0 80.0 50.0 2.292857
70.0 80.0 60.0 1.933036
70.0 80.0 70.0 1.600000
70.0 80.0 80.0 1.313393
70.0 80.0 90.0 1.086607
70.0 80.0 100.0 0.927679
70.0 80.0 110.0 0.836161
70.0 80.0 120.0 0.804911
70.0 80.0 130.0 0.820982
70.0 80.0 140.0 0.868304
70.0 80.0 150.0 0.929018
70.0 80.0 160.0 0.985714
70.0 80.0 170.0 1.025893
70.0 80.0 180.0 1.040179
70.0 89.5  0.0 4.873214
70.0 89.5 10.0 4.762946
70.0 89.5 20.0 4.472768
70.0 89.5 30.0 4.064732
70.0 89.5 40.0 3.584821
70.0 89.5 50.0 3.073214
70.0 89.5 60.0 2.567857
70.0 89.5 70.0 2.103571
70.0 89.5 80.0 1.709821
70.0 89.5 90.0 1.406696
70.0 89.5 100.0 1.204911
70.0 89.5 110.0 1.102679
70.0 89.5 120.0 1.089286
70.0 89.5 130.0 1.143750
70.0 89.5 140.0 1.240625
70.0 89.5 150.0 1.352232
70.0 89.5 160.0 1.452679
70.0 89.5 170.0 1.520982
70.0 89.5 180.0 1.544643
80.0  0.0  0.0 0.650000
80.0  0.0 10.0 0.650000
80.0  0.0 20.0 0.650000
80.0  0.0 30.0 0.650000
80.0  0.0 40.0 0.650000
80.0  0.0 50.0 0.650000
80.0  0.0 60.0 0.650000
80.0  0.0 70.0 0.650000
80.0  0.0 80.0 0.650000
80.0  0.0 90.0 0.650000
80.0  0.0 100.0 0.650000
80.0  0.0 110.0 0.650000
80.0  0.0 120.0 0.650000
80.0  0.0 130.0 0.650000
80.0  0.0 140.0 0.650000
80.0  0.0 150.0 0.650000
80.0  0.0 160.0 0.650000
80.0  0.0 170.0 0.650000
80.0  0.0 180.0 0.650000
80.0 10.0  0.0 0.785714
80.0 10.0 10.0 0.783482
80.0 10.0 20.0 0.776786
80.0 10.0 30.0 0.766071
80.0 10.0 40.0 0.751786
80.0 10.0 50.0 0.734821
80.0 10.0 60.0 0.715625
80.0 10.0 70.0 0.695536
80.0 10.0 80.0 0.674554
80.0 10.0 90.0 0.654464
80.0 10.0 100.0 0.635268
80.0 10.0 110.0 0.617857
80.0 10.0 120.0 0.602232
80.0 10.0 130.0 0.588839
80.0 10.0 140.0 0.577679
80.0 10.0 150.0 0.569196
80.0 10.0 160.0 0.562946
80.0 10.0 170.0 0.559375
80.0 10.0 180.0 0.558036
80.0 20.0  0.0 0.970536
80.0 20.0 10.0 0.965179
80.0 20.0 20.0 0.948214
80.0 20.0 30.0 0.921429
80.0 20.0 40.0 0.886161
80.0 20.0 50.0 0.845536
80.0 20.0 60.0 0.800893
80.0 20.0 70.0 0.754911
80.0 20.0 80.0 0.710268
80.0 20.0 90.0 0.668304
80.0 20.0 100.0 0.630357
80.0 20.0 110.0 0.597768
80.0 20.0 120.0 0.570982
80.0 20.0 130.0 0.549107
80.0 20.0 140.0 0.533036
80.0 20.0 150.0 0.520982
80.0 20.0 160.0 0.513393
80.0 20.0 170.0 0.508929
80.0 20.0 180.0 0.507143
80.0 30.0  0.0 1.215179
80.0 30.0 10.0 1.204464
80.0 30.0 20.0 1.173214
80.0 30.0 30.0 1.123661
80.0 30.0 40.0 1.060268
80.0 30.0 50.0 0.987500
80.0 30.0 60.0 0.909821
80.0 30.0 70.0 0.832143
80.0 30.0 80.0 0.758929
80.0 30.0 90.0 0.693304
80.0 30.0 100.0 0.637054
80.0 30.0 110.0 0.591964
80.0 30.0 120.0 0.557143
80.0 30.0 130.0 0.532589
80.0 30.0 140.0 0.516071
80.0 30.0 150.0 0.506250
80.0 30.0 160.0 0.500446
80.0 30.0 170.0 0.498214
80.0 30.0 180.0 0.497321
80.0 40.0  0.0 1.539286
80.0 40.0 10.0 1.520982
80.0 40.0 20.0 1.468750
80.0 40.0 30.0 1.387946
80.0 40.0 40.0 1.285714
80.0 40.0 50.0 1.170536
80.0 40.0 60.0 1.050893
80.0 40.0 70.0 0.933929
80.0 40.0 80.0 0.826786
80.0 40.0 90.0 0.733929
80.0 40.0 100.0 0.658482
80.0 40.0 110.0 0.602232
80.0 40.0 120.0 0.563839
80.0 40.0 130.0 0.540625
80.0 40.0 140.0 0.529464
80.0 40.0 150.0 0.526786
80.0 40.0 160.0 0.528125
80.0 40.0 170.0 0.530357
80.0 40.0 180.0 0.531250
80.0 50.0  0.0 1.980357
80.0 50.0 10.0 1.950893
80.0 50.0 20.0 1.866964
80.0 50.0 30.0 1.741071
80.0 50.0 40.0 1.585714
80.0 50.0 50.0 1.414286
80.0 50.0 60.0 1.239286
80.0 50.0 70.0 1.072321
80.0 50.0 80.0 0.922768
80.0 50.0 90.0 0.798214
80.0 50.0 100.0 0.701786
80.0 50.0 110.0 0.635268
80.0 50.0 120.0 0.595982
80.0 50.0 130.0 0.579464
80.0 50.0 140.0 0.579911
80.0 50.0 150.0 0.589732
80.0 50.0 160.0 0.602232
80.0 50.0 170.0 0.612500
80.0 50.0 180.0 0.616071
80.0 60.0  0.0 2.620982
80.0 60.0 10.0 2.569643
80.0 60.0 20.0 2.432143
80.0 60.0 30.0 2.237054
80.0 60.0 40.0 2.005804
80.0 60.0 50.0 1.757143
80.0 60.0 60.0 1.507589
80.0 60.0 70.0 1.273661
80.0 60.0 80.0 1.068750
80.0 60.0 90.0 0.902679
80.0 60.0 100.0 0.780804
80.0 60.0 110.0 0.703125
80.0 60.0 120.0 0.666518
80.0 60.0 130.0 0.662500
80.0 60.0 140.0 0.680804
80.0 60.0 150.0 0.710714
80.0 60.0 160.0 0.740625
80.0 60.0 170.0 0.762500
80.0 60.0 180.0 0.770536
80.0 70.0  0.0 3.665625
80.0 70.0 10.0 3.552679
80.0 70.0 20.0 3.309375
80.0 70.0 30.0 3.003125
80.0 70.0 40.0 2.657143
80.0 70.0 50.0 2.292857
80.0 70.0 60.0 1.933036
80.0 70.0 70.0 1.600000
80.0 70.0 80.0 1.313393
80.0 70.0 90.0 1.086607
80.0 70.0 100.0 0.927679
80.0 70.0 110.0 0.836161
80.0 70.0 120.0 0.804911
80.0 70.0 130.0 0.820982
80.0 70.0 140.0 0.868304
80.0 70.0 150.0 0.929018
80.0 70.0 160.0 0.985714
80.0 70.0 170.0 1.025893
80.0 70.0 180.0 1.040179
80.0 80.0  0.0 5.769643
80.0 80.0 10.0 5.353571
80.0 80.0 20.0 4.915625
80.0 80.0 30.0 4.420089
80.0 80.0 40.0 3.874554
80.0 80.0 50.0 3.305804
80.0 80.0 60.0 2.748214
80.0 80.0 70.0 2.237500
80.0 80.0 80.0 1.803571
80.0 80.0 90.0 1.467857
80.0 80.0 100.0 1.241518
80.0 80.0 110.0 1.123661
80.0 80.0 120.0 1.101339
80.0 80.0 130.0 1.153571
80.0 80.0 140.0 1.252232
80.0 80.0 150.0 1.367857
80.0 80.0 160.0 1.472321
80.0 80.0 170.0 1.543750
80.0 80.0 180.0 1.568750
80.0 89.5  0.0 10.033928
80.0 89.5 10.0 9.687500
80.0 89.5 20.0 8.958036
80.0 89.5 30.0 8.047321
80.0 89.5 40.0 7.023214
80.0 89.5 50.0 5.950000
80.0 89.5 60.0 4.899107
80.0 89.5 70.0 3.940625
80.0 89.5 80.0 3.133036
80.0 89.5 90.0 2.519196
80.0 89.5 100.0 2.118750
80.0 89.5 110.0 1.928572
80.0 89.5 120.0 1.922768
80.0 89.5 130.0 2.058482
80.0 89.5 140.0 2.280357
80.0 89.5 150.0 2.528571
80.0 89.5 160.0 2.747768
80.0 89.5 170.0 2.894196
80.0 89.5 180.0 2.943750
89.5  0.0  0.0 0.614286
89.5  0.0 10.0 0.614286
89.5  0.0 20.0 0.614286
89.5  0.0 30.0 0.614286
89.5  0.0 40.0 0.614286
89.5  0.0 50.0 0.614286
89.5  0.0 60.0 0.614286
89.5  0.0 70.0 0.614286
89.5  0.0 80.0 0.614286
89.5  0.0 90.0 0.614286
89.5  0.0 100.0 0.614286
89.5  0.0 110.0 0.614286
89.5  0.0 120.0 0.614286
89.5  0.0 130.0 0.614286
89.5  0.0 140.0 0.614286
89.5  0.0 150.0 0.614286
89.5  0.0 160.0 0.614286
89.5  0.0 170.0 0.614286
89.5  0.0 180.0 0.614286
89.5 10.0  0.0 0.737500
89.5 10.0 10.0 0.735268
89.5 10.0 20.0 0.729018
89.5 10.0 30.0 0.719196
89.5 10.0 40.0 0.706250
89.5 10.0 50.0 0.691071
89.5 10.0 60.0 0.674107
89.5 10.0 70.0 0.656250
89.5 10.0 80.0 0.638393
89.5 10.0 90.0 0.620982
89.5 10.0 100.0 0.604911
89.5 10.0 110.0 0.590625
89.5 10.0 120.0 0.578125
89.5 10.0 130.0 0.567411
89.5 10.0 140.0 0.559375
89.5 10.0 150.0 0.552679
89.5 10.0 160.0 0.548214
89.5 10.0 170.0 0.545982
89.5 10.0 180.0 0.545089
89.5 20.0  0.0 0.923661
89.5 20.0 10.0 0.917857
89.5 20.0 20.0 0.901786
89.5 20.0 30.0 0.875893
89.5 20.0 40.0 0.841964
89.5 20.0 50.0 0.803125
89.5 20.0 60.0 0.761161
89.5 20.0 70.0 0.718750
89.5 20.0 80.0 0.678125
89.5 20.0 90.0 0.641518
89.5 20.0 100.0 0.609375
89.5 20.0 110.0 0.583482
89.5 20.0 120.0 0.562946
89.5 20.0 130.0 0.547768
89.5 20.0 140.0 0.537500
89.5 20.0 150.0 0.530804
89.5 20.0 160.0 0.526786
89.5 20.0 170.0 0.524554
89.5 20.0 180.0 0.524107
89.5 30.0  0.0 1.191518
89.5 30.0 10.0 1.180357
89.5 30.0 20.0 1.148661
89.5 30.0 30.0 1.098661
89.5 30.0 40.0 1.034375
89.5 30.0 50.0 0.961161
89.5 30.0 60.0 0.884375
89.5 30.0 70.0 0.808929
89.5 30.0 80.0 0.739732
89.5 30.0 90.0 0.679464
89.5 30.0 100.0 0.630804
89.5 30.0 110.0 0.594643
89.5 30.0 120.0 0.570089
89.5 30.0 130.0 0.555357
89.5 30.0 140.0 0.549107
89.5 30.0 150.0 0.547768
89.5 30.0 160.0 0.549107
89.5 30.0 170.0 0.550893
89.5 30.0 180.0 0.551786
89.5 40.0  0.0 1.575446
89.5 40.0 10.0 1.556696
89.5 40.0 20.0 1.501339
89.5 40.0 30.0 1.416071
89.5 40.0 40.0 1.307589
89.5 40.0 50.0 1.185714
89.5 40.0 60.0 1.060268
89.5 40.0 70.0 0.940179
89.5 40.0 80.0 0.832143
89.5 40.0 90.0 0.742857
89.5 40.0 100.0 0.674554
89.5 40.0 110.0 0.628571
89.5 40.0 120.0 0.603125
89.5 40.0 130.0 0.594643
89.5 40.0 140.0 0.598214
89.5 40.0 150.0 0.608482
89.5 40.0 160.0 0.620089
89.5 40.0 170.0 0.629018
89.5 40.0 180.0 0.632143
89.5 50.0  0.0 2.147321
89.5 50.0 10.0 2.115179
89.5 50.0 20.0 2.024107
89.5 50.0 30.0 1.884375
89.5 50.0 40.0 1.710268
89.5 50.0 50.0 1.517857
89.5 50.0 60.0 1.321875
89.5 50.0 70.0 1.137946
89.5 50.0 80.0 0.976786
89.5 50.0 90.0 0.846875
89.5 50.0 100.0 0.753571
89.5 50.0 110.0 0.696875
89.5 50.0 120.0 0.673214
89.5 50.0 130.0 0.676339
89.5 50.0 140.0 0.696875
89.5 50.0 150.0 0.725893
89.5 50.0 160.0 0.754018
89.5 50.0 170.0 0.774107
89.5 50.0 180.0 0.781696
89.5 60.0  0.0 3.075893
89.5 60.0 10.0 3.020982
89.5 60.0 20.0 2.866964
89.5 60.0 30.0 2.637054
89.5 60.0 40.0 2.356696
89.5 60.0 50.0 2.052232
89.5 60.0 60.0 1.747321
89.5 60.0 70.0 1.464286
89.5 60.0 80.0 1.221429
89.5 60.0 90.0 1.030804
89.5 60.0 100.0 0.899554
89.5 60.0 110.0 0.827232
89.5 60.0 120.0 0.807589
89.5 60.0 130.0 0.829464
89.5 60.0 140.0 0.877679
89.5 60.0 150.0 0.936161
89.5 60.0 160.0 0.990625
89.5 60.0 170.0 1.028125
89.5 60.0 180.0 1.041518
89.5 70.0  0.0 4.873214
89.5 70.0 10.0 4.762946
89.5 70.0 20.0 4.472768
89.5 70.0 30.0 4.064732
89.5 70.0 40.0 3.584821
89.5 70.0 50.0 3.073214
89.5 70.0 60.0 2.567857
89.5 70.0 70.0 2.103571
89.5 70.0 80.0 1.709821
89.5 70.0 90.0 1.406696
89.5 70.0 100.0 1.204911
89.5 70.0 110.0 1.102679
89.5 70.0 120.0 1.089286
89.5 70.0 130.0 1.143750
89.5 70.0 140.0 1.240625
89.5 70.0 150.0 1.352232
89.5 70.0 160.0 1.452679
89.5 70.0 170.0 1.520982
89.5 70.0 180.0 1.544643
89.5 80.0  0.0 10.033928
89.5 80.0 10.0 9.687500
89.5 80.0 20.0 8.958036
89.5 80.0 30.0 8.047321
89.5 80.0 40.0 7.023214
89.5 80.0 50.0 5.950000
89.5 80.0 60.0 4.899107
89.5 80.0 70.0 3.940625
89.5 80.0 80.0 3.133036
89.5 80.0 90.0 2.519196
89.5 80.0 100.0 2.118750
89.5 80.0 110.0 1.928572
89.5 80.0 120.0 1.922768
89.5 80.0 130.0 2.058482
89.5 80.0 140.0 2.280357
89.5 80.0 150.0 2.528571
89.5 80.0 160.0 2.747768
89.5 80.0 170.0 2.894196
89.5 80.0 180.0 2.943750
89.5 89.5  0.0 110.873658
89.5 89.5 10.0 102.467407
89.5 89.5 20.0 93.599108
89.5 89.5 30.0 83.532592
89.5 89.5 40.0 72.449105
89.5 89.5 50.0 60.919196
89.5 89.5 60.0 49.667856
89.5 89.5 70.0 39.427679
89.5 89.5 80.0 30.828571
89.5 89.5 90.0 24.316519
89.5 89.5 100.0 20.103572
89.5 89.5 110.0 18.149553
89.5 89.5 120.0 18.177678
89.5 89.5 130.0 19.717411
89.5 89.5 140.0 22.170535
89.5 89.5 150.0 24.892856
89.5 89.5 160.0 27.279910
89.5 89.5 170.0 28.841966
89.5 89.5 180.0 29.287498
