   7.0000000e+02   2.2347227e-01   4.2733474e-01
   7.0100000e+02   2.3227623e-01   4.3898076e-01
   7.0200000e+02   2.4063541e-01   4.4956094e-01
   7.0300000e+02   2.4860467e-01   4.5932616e-01
   7.0400000e+02   2.5615103e-01   4.6825721e-01
   7.0500000e+02   2.6326213e-01   4.7643584e-01
   7.0600000e+02   2.7001573e-01   4.8390901e-01
   7.0700000e+02   2.7640512e-01   4.9083478e-01
   7.0800000e+02   2.8246989e-01   4.9727867e-01
   7.0900000e+02   2.8826432e-01   5.0317090e-01
   7.1000000e+02   2.9378266e-01   5.0874003e-01
   7.1100000e+02   2.9906237e-01   5.1389101e-01
   7.1200000e+02   3.0412366e-01   5.1873162e-01
   7.1300000e+02   3.0897970e-01   5.2328423e-01
   7.1400000e+02   3.1364765e-01   5.2757533e-01
   7.1500000e+02   3.1812151e-01   5.3160200e-01
   7.1600000e+02   3.2246433e-01   5.3537118e-01
   7.1700000e+02   3.2659561e-01   5.3893690e-01
   7.1800000e+02   3.3055444e-01   5.4227580e-01
   7.1900000e+02   3.3437151e-01   5.4542813e-01
   7.2000000e+02   3.3802096e-01   5.4836507e-01
   7.2100000e+02   3.4149395e-01   5.5115212e-01
   7.2200000e+02   3.4482340e-01   5.5375724e-01
   7.2300000e+02   3.4797256e-01   5.5621154e-01
   7.2400000e+02   3.5097637e-01   5.5848526e-01
   7.2500000e+02   3.5385964e-01   5.6060956e-01
   7.2600000e+02   3.5655399e-01   5.6257711e-01
   7.2700000e+02   3.5910185e-01   5.6443934e-01
   7.2800000e+02   3.6150911e-01   5.6613175e-01
   7.2900000e+02   3.6377527e-01   5.6772687e-01
   7.3000000e+02   3.6589531e-01   5.6921927e-01
   7.3100000e+02   3.6789349e-01   5.7056638e-01
   7.3200000e+02   3.6977352e-01   5.7184475e-01
   7.3300000e+02   3.7151759e-01   5.7303372e-01
   7.3400000e+02   3.7315260e-01   5.7409393e-01
   7.3500000e+02   3.7466133e-01   5.7507677e-01
   7.3600000e+02   3.7605329e-01   5.7599349e-01
   7.3700000e+02   3.7733626e-01   5.7685327e-01
   7.3800000e+02   3.7851281e-01   5.7765917e-01
   7.3900000e+02   3.7962109e-01   5.7838511e-01
   7.4000000e+02   3.8062765e-01   5.7906287e-01
   7.4100000e+02   3.8153684e-01   5.7969748e-01
   7.4200000e+02   3.8235873e-01   5.8030069e-01
   7.4300000e+02   3.8312268e-01   5.8083636e-01
   7.4400000e+02   3.8380494e-01   5.8134720e-01
   7.4500000e+02   3.8440939e-01   5.8183776e-01
   7.4600000e+02   3.8496802e-01   5.8227500e-01
   7.4700000e+02   3.8544563e-01   5.8268828e-01
   7.4800000e+02   3.8585334e-01   5.8309054e-01
   7.4900000e+02   3.8622547e-01   5.8345148e-01
   7.5000000e+02   3.8652685e-01   5.8380048e-01
   7.5100000e+02   3.8685159e-01   5.8410639e-01
   7.5200000e+02   3.8713282e-01   5.8443195e-01
   7.5300000e+02   3.8739858e-01   5.8473956e-01
   7.5400000e+02   3.8765117e-01   5.8503189e-01
   7.5500000e+02   3.8785749e-01   5.8534080e-01
   7.5600000e+02   3.8808314e-01   5.8560191e-01
   7.5700000e+02   3.8826412e-01   5.8588149e-01
   7.5800000e+02   3.8843165e-01   5.8614554e-01
   7.5900000e+02   3.8858689e-01   5.8639538e-01
   7.6000000e+02   3.8873000e-01   5.8663122e-01
   7.6100000e+02   3.8886155e-01   5.8685369e-01
   7.6200000e+02   3.8895077e-01   5.8709757e-01
   7.6300000e+02   3.8905969e-01   5.8729393e-01
   7.6400000e+02   3.8912676e-01   5.8751232e-01
   7.6500000e+02   3.8918332e-01   5.8771863e-01
   7.6600000e+02   3.8923014e-01   5.8791376e-01
   7.6700000e+02   3.8929831e-01   5.8806316e-01
   7.6800000e+02   3.8929474e-01   5.8827068e-01
   7.6900000e+02   3.8931290e-01   5.8843290e-01
   7.7000000e+02   3.8932190e-01   5.8858461e-01
   7.7100000e+02   3.8932233e-01   5.8872647e-01
   7.7200000e+02   3.8928342e-01   5.8889362e-01
   7.7300000e+02   3.8926876e-01   5.8901821e-01
   7.7400000e+02   3.8921577e-01   5.8916934e-01
   7.7500000e+02   3.8918735e-01   5.8927817e-01
   7.7600000e+02   3.8912044e-01   5.8941346e-01
   7.7700000e+02   3.8907850e-01   5.8950682e-01
   7.7800000e+02   3.8903092e-01   5.8959371e-01
   7.7900000e+02   3.8894689e-01   5.8970952e-01
   7.8000000e+02   3.8888934e-01   5.8978504e-01
   7.8100000e+02   3.8882885e-01   5.8985722e-01
   7.8200000e+02   3.8876793e-01   5.8992897e-01
   7.8300000e+02   3.8870639e-01   5.9000007e-01
   7.8400000e+02   3.8864521e-01   5.9007165e-01
   7.8500000e+02   3.8858577e-01   5.9014532e-01
   7.8600000e+02   3.8852927e-01   5.9022245e-01
   7.8700000e+02   3.8847273e-01   5.9029961e-01
   7.8800000e+02   3.8837947e-01   5.9040567e-01
   7.8900000e+02   3.8831830e-01   5.9047764e-01
   7.9000000e+02   3.8829343e-01   5.9052027e-01
   7.9100000e+02   3.8823360e-01   5.9059388e-01
   7.9200000e+02   3.8817688e-01   5.9067117e-01
   7.9300000e+02   3.8811777e-01   5.9074575e-01
   7.9400000e+02   3.8805705e-01   5.9081854e-01
   7.9500000e+02   3.8799708e-01   5.9089226e-01
   7.9600000e+02   3.8793688e-01   5.9096578e-01
   7.9700000e+02   3.8787685e-01   5.9103957e-01
   7.9800000e+02   3.8781580e-01   5.9111224e-01
   7.9900000e+02   3.8775648e-01   5.9118699e-01
